0 159.65 171.249164 166.632170 146.145437 146.089745 168.142493
5 161.35 173.286602 167.492079 147.666507 148.182125 170.117769
10 160.42 174.517841 167.733122 146.094118 143.579264 170.180466
15 158.24 170.570072 164.865854 143.685991 143.583335 168.496209
20 159.21 171.997609 164.917767 144.507359 146.532841 168.086769
25 161.75 174.349884 166.567169 148.785499 147.415547 171.635227
30 162.93 176.272436 169.264375 147.350086 148.907293 172.866660
35 158.67 173.526071 167.456668 143.694446 138.318828 170.338765
40 158.33 173.512113 165.889545 142.397055 141.981853 167.887132
45 159.96 175.451974 166.387407 144.315760 142.955964 170.667034
50 155.23 169.457564 162.133227 140.966678 138.815780 164.761762
